(217, 64)
avg_img3s
[0.00000000e+00 6.33027523e-01 8.33944954e+00 1.41192661e+01
 1.40458716e+01 7.34862385e+00 9.72477064e-01 9.17431193e-03
 9.17431193e-03 3.98165138e+00 1.23394495e+01 9.14678899e+00
 1.11467890e+01 1.16513761e+01 2.34862385e+00 2.75229358e-02
 9.17431193e-03 2.31192661e+00 3.74311927e+00 3.12844037e+00
 1.19357798e+01 9.26605505e+00 8.62385321e-01 0.00000000e+00
 0.00000000e+00 4.12844037e-01 1.44036697e+00 8.88073394e+00
 1.45412844e+01 5.57798165e+00 7.33944954e-02 0.00000000e+00
 0.00000000e+00 5.50458716e-02 8.80733945e-01 5.54128440e+00
 1.22293578e+01 1.11009174e+01 2.10091743e+00 0.00000000e+00
 0.00000000e+00 4.86238532e-01 1.55963303e+00 1.09174312e+00
 4.68807339e+00 1.22385321e+01 6.04587156e+00 0.00000000e+00
 0.00000000e+00 9.81651376e-01 7.49541284e+00 6.33944954e+00
 8.61467890e+00 1.27614679e+01 5.62385321e+00 6.42201835e-02
 0.00000000e+00 5.32110092e-01 9.38532110e+00 1.44678899e+01
 1.37706422e+01 8.44954128e+00 1.59633028e+00 7.33944954e-02]
diff
[0.         0.51265715 2.70981991 2.18408087 2.62920489 1.28380904
 0.62937479 0.04638124 0.00917431 1.57424397 0.36425416 0.58469249
 0.90604825 0.01529052 0.31804281 0.0558104  0.00917431 1.53066599
 8.76613999 2.44563371 3.50985389 5.01172273 2.23020727 0.03703704
 0.         1.54085967 9.15222562 3.17482161 1.30054366 8.50535168
 3.75067958 0.         0.         0.08384302 2.17482161 0.25424737
 7.12750595 0.39908257 2.81574924 0.         0.         0.36586816
 1.07815155 0.56396534 2.49362895 2.25705063 0.07364934 0.03703704
 0.         0.25942915 1.17133877 1.53389399 2.83690112 1.90961604
 0.45718654 0.03763167 0.         0.46729528 3.55198777 2.6067788
 0.21508665 0.81897723 0.39441047 0.03635746]
best_pixels
[26 18 29 36 21 30 58 20 27 52 38  2  4 59 44 19 45 22  3 34 53  9 25 51
 17 28  5 50 42 12 61  6 11 43  1 57 54 37 62 41 10 14 49 35 60 33 46 15
  7 55 23 47 63 13 16  8 31 24 32 39 40 48 56  0]

f1
[16.  0.  0.  4.  0.  2. 16.  9.  0.  9.  0. 16.  6.  0.  0.  0. 16.  4.
 13.  2. 13.  5.  4.  0. 16.  9.  0.  0. 15.  7. 13.  2.  0.  3.  0. 15.
  7.  3.  0.  5. 14.  7.  7.  3. 13.  0.  0.  1.  2.  0.  0. 15.  3.  2.
  7.  5.  0.  1. 16. 15. 12.  0. 14. 12.  0. 11. 16.  4.  4.  0.  0. 10.
  0.  0.  0. 15. 15.  0.  0.  0.  0.  2.  5.  0.  3. 16.  2. 14. 14.  4.
  0.  0. 10. 15.  0.  5. 13. 14. 14. 13. 13.  0.  8.  3. 14.  0. 10.  0.
 16.  1. 16.  0.  0. 15. 12.  0.  3.  7.  6. 12.  6.  5.  1. 11. 16.  1.
  0. 16.  9. 14. 15.  0.  0.  9.  2.  0. 11. 15.  9.  3. 14. 14.  0.  5.
  2.  0. 11. 10.  2.  0. 15.  0.  2.  0.  0. 13. 10.  0.  0.  6.  4.  0.
  8.  0. 16.  9. 16. 15.  0. 10.  4.  0.  0.  0. 16.  3. 10. 12.  0.  9.
 16.  0.  0.  0. 15.  0.  0.  0.  1. 11.  5.  0.  5.  6.  0. 15.  1. 15.
  0.  5.  0.  3. 16.  7. 13. 16.  0.  0. 13.  0.  0. 11.  0.  2.  0.  6.
  6.]
f2
[10.  0. 12. 14.  1.  8. 14.  5.  0. 16.  7. 15. 14.  3.  3.  0. 13. 11.
 11. 15. 16. 16. 16.  0.  9. 13. 15.  5. 14.  0.  7.  0. 10.  1.  0. 12.
 11. 13.  0. 16.  2. 15. 15.  8. 14.  3.  0. 11.  0.  8.  3. 16.  0.  0.
 16.  0.  0.  0.  6. 16. 14.  0. 16. 16. 10.  6. 14.  3. 13.  7.  0. 16.
  2.  6.  5. 16. 13.  9.  3.  6.  0. 14.  7.  4. 16.  6.  7. 12. 13. 10.
  0.  0. 16. 12. 15. 12. 10. 12. 16.  5. 12.  2.  0.  8. 11. 12. 16.  0.
 16.  5. 12. 10.  0. 16.  1.  0.  7.  9. 12. 14. 16. 16.  0. 16. 16.  0.
  0. 13. 12. 14. 12.  0.  0. 16. 16.  0.  7. 14. 13. 15. 16. 11.  0. 13.
  0. 11. 16.  7. 15.  9. 16.  0.  3.  0.  3. 16. 13.  0.  0. 12. 10.  0.
 13.  0. 14.  6. 15. 15.  3. 15. 12.  0.  9.  0. 13.  2.  0. 16.  0. 16.
 10.  3.  0.  8. 14.  0.  5.  7.  4.  2.  0.  0. 11.  9.  0. 15.  0. 11.
  0.  9.  2.  2. 14. 15. 14. 16.  0.  0.  9.  0.  0.  6. 10. 11.  0. 16.
 16.]
features
[[16. 10.]
 [ 0.  0.]
 [ 0. 12.]
 [ 4. 14.]
 [ 0.  1.]
 [ 2.  8.]
 [16. 14.]
 [ 9.  5.]
 [ 0.  0.]
 [ 9. 16.]
 [ 0.  7.]
 [16. 15.]
 [ 6. 14.]
 [ 0.  3.]
 [ 0.  3.]
 [ 0.  0.]
 [16. 13.]
 [ 4. 11.]
 [13. 11.]
 [ 2. 15.]
 [13. 16.]
 [ 5. 16.]
 [ 4. 16.]
 [ 0.  0.]
 [16.  9.]
 [ 9. 13.]
 [ 0. 15.]
 [ 0.  5.]
 [15. 14.]
 [ 7.  0.]
 [13.  7.]
 [ 2.  0.]
 [ 0. 10.]
 [ 3.  1.]
 [ 0.  0.]
 [15. 12.]
 [ 7. 11.]
 [ 3. 13.]
 [ 0.  0.]
 [ 5. 16.]
 [14.  2.]
 [ 7. 15.]
 [ 7. 15.]
 [ 3.  8.]
 [13. 14.]
 [ 0.  3.]
 [ 0.  0.]
 [ 1. 11.]
 [ 2.  0.]
 [ 0.  8.]
 [ 0.  3.]
 [15. 16.]
 [ 3.  0.]
 [ 2.  0.]
 [ 7. 16.]
 [ 5.  0.]
 [ 0.  0.]
 [ 1.  0.]
 [16.  6.]
 [15. 16.]
 [12. 14.]
 [ 0.  0.]
 [14. 16.]
 [12. 16.]
 [ 0. 10.]
 [11.  6.]
 [16. 14.]
 [ 4.  3.]
 [ 4. 13.]
 [ 0.  7.]
 [ 0.  0.]
 [10. 16.]
 [ 0.  2.]
 [ 0.  6.]
 [ 0.  5.]
 [15. 16.]
 [15. 13.]
 [ 0.  9.]
 [ 0.  3.]
 [ 0.  6.]
 [ 0.  0.]
 [ 2. 14.]
 [ 5.  7.]
 [ 0.  4.]
 [ 3. 16.]
 [16.  6.]
 [ 2.  7.]
 [14. 12.]
 [14. 13.]
 [ 4. 10.]
 [ 0.  0.]
 [ 0.  0.]
 [10. 16.]
 [15. 12.]
 [ 0. 15.]
 [ 5. 12.]
 [13. 10.]
 [14. 12.]
 [14. 16.]
 [13.  5.]
 [13. 12.]
 [ 0.  2.]
 [ 8.  0.]
 [ 3.  8.]
 [14. 11.]
 [ 0. 12.]
 [10. 16.]
 [ 0.  0.]
 [16. 16.]
 [ 1.  5.]
 [16. 12.]
 [ 0. 10.]
 [ 0.  0.]
 [15. 16.]
 [12.  1.]
 [ 0.  0.]
 [ 3.  7.]
 [ 7.  9.]
 [ 6. 12.]
 [12. 14.]
 [ 6. 16.]
 [ 5. 16.]
 [ 1.  0.]
 [11. 16.]
 [16. 16.]
 [ 1.  0.]
 [ 0.  0.]
 [16. 13.]
 [ 9. 12.]
 [14. 14.]
 [15. 12.]
 [ 0.  0.]
 [ 0.  0.]
 [ 9. 16.]
 [ 2. 16.]
 [ 0.  0.]
 [11.  7.]
 [15. 14.]
 [ 9. 13.]
 [ 3. 15.]
 [14. 16.]
 [14. 11.]
 [ 0.  0.]
 [ 5. 13.]
 [ 2.  0.]
 [ 0. 11.]
 [11. 16.]
 [10.  7.]
 [ 2. 15.]
 [ 0.  9.]
 [15. 16.]
 [ 0.  0.]
 [ 2.  3.]
 [ 0.  0.]
 [ 0.  3.]
 [13. 16.]
 [10. 13.]
 [ 0.  0.]
 [ 0.  0.]
 [ 6. 12.]
 [ 4. 10.]
 [ 0.  0.]
 [ 8. 13.]
 [ 0.  0.]
 [16. 14.]
 [ 9.  6.]
 [16. 15.]
 [15. 15.]
 [ 0.  3.]
 [10. 15.]
 [ 4. 12.]
 [ 0.  0.]
 [ 0.  9.]
 [ 0.  0.]
 [16. 13.]
 [ 3.  2.]
 [10.  0.]
 [12. 16.]
 [ 0.  0.]
 [ 9. 16.]
 [16. 10.]
 [ 0.  3.]
 [ 0.  0.]
 [ 0.  8.]
 [15. 14.]
 [ 0.  0.]
 [ 0.  5.]
 [ 0.  7.]
 [ 1.  4.]
 [11.  2.]
 [ 5.  0.]
 [ 0.  0.]
 [ 5. 11.]
 [ 6.  9.]
 [ 0.  0.]
 [15. 15.]
 [ 1.  0.]
 [15. 11.]
 [ 0.  0.]
 [ 5.  9.]
 [ 0.  2.]
 [ 3.  2.]
 [16. 14.]
 [ 7. 15.]
 [13. 14.]
 [16. 16.]
 [ 0.  0.]
 [ 0.  0.]
 [13.  9.]
 [ 0.  0.]
 [ 0.  0.]
 [11.  6.]
 [ 0. 10.]
 [ 2. 11.]
 [ 0.  0.]
 [ 6. 16.]
 [ 6. 16.]]
